Questão 1:
75 93 44 60 43 16 62 65 44 73

0,806 1,000 0,473 0,645 0,462 0,172 0,667 0,699 0,473 0,785


Questão 2:
33 99 21 83 32 52 31 57 21 59 39 66 65 73 80 4 64 39 47 35

35 47 39 64 4 80 73 65 66 39 59 21 57 31 52 32 83 21 99 33


Questão 3:
65 63 9 -58 3 -40 94 43 -25 -65 -92 41 20 -62 9 31 -46 79 24 41 92 -97 -7 72 82 2 -44 45 -63 10 -93 -46 52 -41 52 6 39 -67 22 -64 -26 18 -82 -29 89 1 -31 -4 41 73 100 -34 25 54 2 -57 63 -9 18 -82 -83 6 65 22 65 94 91 8 8 3 -80 84 -62 -71 33 45 4 -43 62 38 92 44 -34 43 91 41 -78 40 50 14 -13 -30 -35 -51 -4 62 81 45 13 29

65 63 9 3 94 43 41 20 9 31 79 24 41 92 72 82 2 45 10 52 52 6 39 22 18 89 1 41 73 100 25 54 2 63 18 6 65 22 65 94 91 8 8 3 84 33 45 4 62 38 92 44 43 91 41 40 50 14 62 81 45 13 29

Número de elementos que sobraram: 63

Questão 4:

Matriz M:
42 45 86 28 62 34 
32 71 35 21 12 59 
12 39 24 83 9 89 
77 65 79 50 42 97 
31 75 64 21 26 20 
55 9 32 95 75 89 


Matriz N:
33 94 82 12 85 66 
37 65 1 25 24 21 
11 59 64 85 68 48 
15 39 57 11 39 27 
9 2 39 33 19 27 
22 93 17 87 80 32 


Matriz Ra (M + N):
75 139 168 40 147 100 
69 136 36 46 36 80 
23 98 88 168 77 137 
92 104 136 61 81 124 
40 77 103 54 45 47 
77 102 49 182 155 121 


Matriz Rb (M - N):
9 -49 4 16 -23 -32 
-5 6 34 -4 -12 38 
1 -20 -40 -2 -59 41 
62 26 22 39 3 70 
22 73 25 -12 7 -7 
33 -84 15 8 -5 57 


Matriz Rc (M X N):
5723 16325 13585 14251 15488 11363 
5789 16018 7603 10894 12571 8062 
5387 16611 9154 12112 14116 8095 
9077 27179 17572 19639 23985 15827 
5491 14296 9264 10516 11700 8602 
6558 19775 16420 14868 19317 12793 


